25335 29 28 2.33e-07
25335 31 29 2.72e-07
25335 27 31 9.9e-08
25335 36 27 1.41e-07
25335 35 36 3.26e-07
25335 34 35 2.07e-07
25335 39 34 2.64e-07
25335 38 39 4.64e-07
25335 37 38 6.65e-07
25335 520 37 2.93e-07
25335 425 501 2.7e-07
25335 202 495 2.65e-07
25335 240 429 2.27e-07
25335 397 430 3.9e-07
25335 400 397 1.112e-06
25335 229 282 3.75e-07
25335 371 353 3.401e-06
25335 2 356 7.66e-07
25335 380 346 7.97e-07
25335 514 349 2.68e-07
25335 243 244 6.83e-07
25335 579 563 2.18e-07
25335 577 579 1.41e-07
25335 576 577 1.47e-07
25335 575 576 1.27e-07
25335 254 575 1.13e-07
25335 545 425 8.07e-07
25335 501 428 2.39e-07
25335 406 183 2.27e-07
25335 183 185 6.13e-07
25335 507 187 1.15e-06
25335 187 191 2.38e-07
25335 191 193 3.63e-07
25335 193 195 5.53e-07
25335 308 199 2.4e-08
25335 199 204 3e-08
25335 204 206 3.28e-07
25335 206 209 5.76e-07
25335 209 213 4.75e-07
25335 213 215 4.38e-07
25335 215 217 3.16e-07
25335 216 18 1.71e-07
25335 20 17 1.71e-07
25335 19 20 8.91e-07
25335 22 19 2.33e-07
25335 21 22 1.044e-06
25335 23 21 3.43e-07
25335 160 23 1.18e-07
25335 102 499 2.373e-06
25335 395 72 3.32e-07
25335 467 496 9.92e-07
25335 196 497 5.11e-07
25335 177 437 3.04e-07
25335 437 432 4.91e-07
25335 504 101 1.2e-07
25335 97 93 2.18e-07
25335 85 97 8.6e-08
25335 83 85 1.09e-07
25335 88 83 1.55e-07
25335 118 88 7.6e-08
25335 121 118 8.8e-08
25335 114 121 2.94e-07
25335 115 114 3.35e-07
25335 101 115 3.71e-07
25335 84 130 1.72e-07
25335 151 124 1.39e-07
25335 153 151 1.36e-07
25335 148 153 1.31e-07
25335 143 148 1.59e-07
25335 146 143 1.97e-07
25335 40 53 3.27e-07
25335 45 40 1.57e-07
25335 48 45 1.35e-07
25335 49 48 1.89e-07
25335 95 49 1.73e-07
25335 446 159 1.41e-07
25335 159 156 4.63e-07
25335 156 180 1.53e-07
25335 180 178 1.24e-07
25335 526 176 1.03e-07
25335 423 523 6.19e-07
25335 523 525 4.22e-07
25335 8 524 5.09e-07
25335 524 521 4.39e-07
25335 33 522 3.95e-07
25335 385 519 1.73e-07
25335 519 520 4.14e-07
25335 517 518 3.3e-07
25335 566 450 2.247e-06
25335 496 476 8.7e-08
25335 476 491 1.71e-07
25335 491 483 1.202e-06
25335 483 486 9.55e-07
25335 452 492 8.94e-07
25335 169 398 1.58e-07
25335 398 402 3.48e-07
25335 494 404 3.92e-07
25335 404 407 4.72e-07
25335 407 405 3.22e-07
25335 405 409 2.74e-07
25335 409 413 1.76e-07
25335 413 414 1.54e-07
25335 414 417 1.56e-07
25335 417 419 2.25e-07
25335 419 422 1.24e-07
25335 554 480 1.95e-07
25335 473 478 1.3e-07
25335 475 473 1.44e-07
25335 315 317 1.57e-07
25335 320 315 1.12e-07
25335 319 320 1.78e-07
25335 324 319 4.11e-07
25335 322 324 3.06e-07
25335 328 322 1.67e-07
25335 326 328 1.38e-07
25335 332 326 2.72e-07
25335 330 332 2.55e-07
25335 307 330 2.132e-06
25335 553 557 1.327e-06
25335 551 553 5.58e-07
25335 562 551 2.5e-08
25335 559 562 2.07e-07
25335 530 559 3.54e-07
25335 528 530 5.56e-07
25335 533 528 7.21e-07
25335 313 310 3.21e-07
25335 339 313 6.2e-07
25335 343 339 6.9e-07
25335 334 343 9.27e-07
25335 337 334 4.24e-07
25335 536 337 5.95e-07
25335 370 16 2.65e-07
25335 16 15 1.88e-07
25335 15 14 3.07e-07
25335 245 227 1.45e-07
25335 227 226 1.53e-07
25335 226 228 1.24e-07
25335 181 223 7.95e-07
25335 223 221 4.93e-07
25335 111 224 5.48e-07
25335 224 225 9.3e-08
25335 537 532 5.21e-07
25335 539 537 5.37e-07
25335 538 539 1.67e-07
25335 535 538 1.64e-07
25335 532 536 6.82e-07
25335 580 578 7.82e-07
25335 578 581 3.64e-07
25335 388 50 5.02e-07
25335 50 51 2.82e-07
25335 51 52 1.07e-07
25335 52 41 6.7e-08
25335 41 43 7.3e-08
25335 43 46 4.88e-07
25335 561 548 8.69e-07
25335 548 555 2.78e-07
25335 555 543 1.48e-07
25335 543 546 1.11e-07
25335 546 540 2.29e-07
25335 540 541 3.62e-07
25335 541 542 6.2e-07
25335 542 571 6.34e-07
25335 571 569 5.57e-07
25335 569 567 2.34e-07
25335 567 565 2.3e-07
25335 147 144 2.2e-07
25335 144 140 2.64e-07
25335 140 139 2.39e-07
25335 139 154 2.29e-07
25335 210 207 2.14e-07
25335 207 214 7.37e-07
25335 214 211 2.12e-07
25335 211 189 1.51e-07
25335 189 192 1.65e-07
25335 192 197 1.54e-07
25335 197 182 1.75e-07
25335 379 582 1.255e-06
25335 582 585 2.82e-07
25335 585 584 1.777e-06
25335 460 583 5.77e-07
25335 302 304 7.3e-08
25335 296 302 7.8e-08
25335 294 296 9e-09
25335 291 294 7.6e-08
25335 157 291 8.9e-08
25335 161 157 6.8e-08
25335 164 161 7.8e-08
25335 563 164 6.1e-08
25335 304 166 8e-08
25335 167 286 2.25e-07
25335 286 303 1.2e-07
25335 61 305 5.7e-08
25335 305 306 3.7e-07
25335 82 309 2.73e-07
25335 272 277 4.42e-07
25335 234 276 3.31e-07
25335 276 269 4.05e-07
25335 269 268 3.08e-07
25335 268 271 3.98e-07
25335 271 270 5.5e-07
25335 495 205 1.9e-08
25335 205 219 3.09e-07
25335 219 220 3.33e-07
25335 220 216 2.93e-07
25335 18 218 1.53e-07
25335 218 165 3.72e-07
25335 165 163 4.5e-07
25335 163 160 6.98e-07
25335 158 168 3.78e-07
25335 168 167 3.75e-07
25335 232 292 2.66e-07
25335 297 300 2.66e-07
25335 10 297 2.12e-07
25335 9 10 2.27e-07
25335 6 9 3.32e-07
25335 4 6 2.49e-07
25335 13 4 1.71e-07
25335 12 13 4.3e-08
25335 11 12 1.91e-07
25335 1 11 8.15e-07
25335 415 1 2.15e-07
25335 105 109 1.63e-07
25335 109 99 1.46e-07
25335 99 94 1.97e-07
25335 94 91 1.7e-07
25335 91 98 2.61e-07
25335 98 95 7.8e-08
25335 433 152 5.41e-07
25335 152 149 1.88e-07
25335 149 145 1.57e-07
25335 145 141 1.3e-07
25335 141 138 1.71e-07
25335 138 136 3.99e-07
25335 136 137 3.29e-07
25335 184 134 5.09e-07
25335 134 132 3.64e-07
25335 132 131 3.25e-07
25335 252 266 6.92e-07
25335 246 252 9.5e-08
25335 248 246 2.41e-07
25335 258 248 2.02e-07
25335 260 258 1.97e-07
25335 259 260 1.247e-06
25335 270 259 6.97e-07
25335 230 203 2.8e-07
25335 208 212 1.73e-07
25335 194 208 4.66e-07
25335 190 194 1.5e-07
25335 200 190 2.74e-07
25335 198 200 6.56e-07
25335 188 198 2.4e-07
25335 311 188 2.18e-07
25335 221 111 8.41e-07
25335 86 181 3.43e-07
25335 137 184 3.48e-07
25335 424 307 4.36e-07
25335 44 47 9.77e-07
25335 42 44 3.27e-07
25335 66 42 8.6e-08
25335 65 66 1.28e-07
25335 241 65 6.57e-07
25335 62 64 1.13e-07
25335 60 62 1.65e-07
25335 58 60 1.18e-07
25335 55 58 1.34e-07
25335 77 55 1.59e-07
25335 80 77 2.56e-07
25335 463 80 5.96e-07
25335 317 545 6.22e-07
25335 480 549 4.69e-07
25335 468 554 4.18e-07
25335 117 119 7e-08
25335 116 117 1.25e-07
25335 96 116 1.83e-07
25335 92 96 3.15e-07
25335 90 92 1.63e-07
25335 89 90 8.9e-08
25335 87 89 1.16e-07
25335 110 84 7.3e-08
25335 106 110 5.77e-07
25335 124 106 8.4e-08
25335 372 102 1.18e-06
25335 344 340 1.65e-07
25335 341 344 1.96e-07
25335 350 341 4.9e-08
25335 351 350 1.34e-07
25335 347 351 1.49e-07
25335 357 347 1.11e-07
25335 354 357 1.35e-07
25335 361 354 7.5e-08
25335 359 361 8.8e-08
25335 365 359 2.43e-07
25335 363 365 3.5e-07
25335 369 363 2.5e-07
25335 367 369 6e-07
25335 346 514 4.76e-07
25335 516 515 1.12e-07
25335 502 516 1.44e-07
25335 503 502 5.89e-07
25335 505 503 3.38e-07
25335 135 133 1.04e-07
25335 150 135 2.18e-07
25335 155 150 2.23e-07
25335 142 155 1.46e-07
25335 112 142 2.23e-07
25335 107 108 3.21e-07
25335 104 107 9.9e-08
25335 103 104 2.64e-07
25335 100 103 1.16e-07
25335 113 100 3.21e-07
25335 120 122 6.64e-07
25335 292 120 7.6e-07
25335 420 379 9.72e-07
25335 383 381 1.392e-06
25335 391 388 5.46e-07
25335 389 391 4.8e-07
25335 428 389 1.83e-07
25335 128 125 1.33e-07
25335 129 128 6.1e-08
25335 126 129 5.3e-08
25335 127 126 9.7e-08
25335 57 127 9.1e-08
25335 54 57 9.5e-08
25335 56 54 3.2e-07
25335 59 56 1.98e-07
25335 301 59 5.16e-07
25335 552 544 1.87e-07
25335 556 552 2.31e-07
25335 547 556 6.6e-08
25335 550 547 1.44e-07
25335 560 550 1.81e-07
25335 558 560 1.54e-07
25335 531 558 2.57e-07
25335 529 531 6.27e-07
25335 534 529 3.55e-07
25335 171 169 9.6e-08
25335 170 171 2.34e-07
25335 172 170 5.14e-07
25335 173 172 9.7e-08
25335 174 173 1.55e-07
25335 402 494 1.199e-06
25335 485 482 9.8e-08
25335 489 485 1.26e-07
25335 487 489 8e-08
25335 490 487 4.28e-07
25335 442 446 1.94e-07
25335 444 442 3.26e-07
25335 488 444 4.61e-07
25335 449 452 9.94e-07
25335 201 449 2.269e-06
25335 418 436 8.21e-07
25335 381 434 1.326e-06
25335 461 440 2.562e-06
25335 465 461 5.65e-07
25335 464 465 1.42e-07
25335 462 464 1.1e-07
25335 457 462 2.13e-07
25335 455 457 2.07e-07
25335 454 455 1.57e-07
25335 584 460 1.464e-06
25335 175 174 1.78e-07
25335 7 177 6.95e-07
25335 290 179 1.27e-07
25335 289 290 1.96e-07
25335 288 289 2.33e-07
25335 448 288 2.36e-07
25335 285 287 3.4e-08
25335 284 285 1.32e-07
25335 283 284 2.14e-07
25335 281 283 1.71e-07
25335 280 281 1.43e-07
25335 244 308 1.09e-07
25335 356 380 7.35e-07
25335 368 366 2.531e-06
25335 374 373 2e-07
25335 375 374 1.72e-07
25335 376 375 1.02e-07
25335 377 376 1.31e-07
25335 378 377 9.56e-07
25335 345 378 1.93e-07
25335 348 345 1.03e-07
25335 352 348 1.18e-07
25335 355 352 4.79e-07
25335 358 355 5.55e-07
25335 360 358 6.4e-08
25335 362 360 8.5e-08
25335 364 362 1.22e-07
25335 327 364 9.12e-07
25335 325 327 1.78e-07
25335 331 325 2.31e-07
25335 329 331 1.66e-07
25335 318 329 4.25e-07
25335 295 293 3.68e-07
25335 298 295 1.43e-07
25335 299 298 1.31e-07
25335 261 299 2.15e-07
25335 256 257 9.8e-08
25335 513 256 2.6e-08
25335 278 255 9.1e-08
25335 251 253 2.6e-07
25335 250 251 7.1e-07
25335 249 250 2.16e-07
25335 247 249 1.95e-07
25335 265 247 1.14e-07
25335 263 265 2.22e-07
25335 264 263 3.85e-07
25335 262 264 9.5e-08
25335 257 261 5.6e-07
25335 353 2 1.84e-07
25335 72 507 1.032e-06
25335 500 498 5.5e-07
25335 527 500 2.73e-07
25335 178 526 4.71e-07
25335 5 3 2.44e-07
25335 179 7 5.38e-07
25335 466 32 6.68e-07
25335 565 472 3.33e-07
25335 277 234 1.89e-07
25335 203 232 2.88e-07
25335 239 241 1.205e-06
25335 237 239 1.925e-06
25335 242 237 6.88e-07
25335 450 242 3.73e-07
25335 403 406 3.8e-07
25335 412 403 5.69e-07
25335 411 412 1.34e-07
25335 410 411 3.75e-07
25335 408 410 1.593e-06
25335 434 418 9.72e-07
25335 416 415 6.54e-07
25335 426 416 2.52e-07
25335 427 426 1.82e-07
25335 421 427 1.59e-07
25335 422 463 2.16e-07
25335 469 466 3.43e-07
25335 470 469 1.65e-07
25335 471 470 1.24e-07
25335 474 471 3.66e-07
25335 477 474 2.6e-07
25335 479 477 1.79e-07
25335 481 479 1.83e-07
25335 323 493 1.69e-07
25335 321 323 3.26e-07
25335 373 318 2.24e-07
25335 314 316 4.5e-08
25335 312 314 6e-08
25335 342 311 8.5e-08
25335 338 342 1.52e-07
25335 335 338 1.29e-07
25335 336 335 1.73e-07
25335 333 336 2.04e-07
25335 238 240 6.81e-07
25335 429 235 3.69e-07
25335 235 236 1.883e-06
25335 236 231 2.4e-07
25335 231 233 1.9e-07
25335 217 229 2.74e-07
25335 456 453 1.65e-07
25335 453 459 1.3e-07
25335 459 458 1.17e-07
25335 458 447 1.5e-07
25335 447 445 1.54e-07
25335 445 443 2.3e-07
25335 443 451 2.64e-07
25335 451 448 2.62e-07
25335 435 431 4.11e-07
25335 431 439 2.82e-07
25335 439 438 2.64e-07
25335 438 370 6.56e-07
25335 282 371 3.68e-07
25335 384 386 9.43e-07
25335 522 385 7.6e-08
25335 564 570 1.57e-07
25335 273 568 7.8e-08
25335 568 573 2.31e-07
25335 573 572 2.98e-07
25335 572 574 4.2e-07
25335 525 8 8.22e-07
25335 521 33 1.76e-07
25335 25 26 1.06e-07
25335 30 25 1.48e-07
25335 24 30 4.41e-07
25335 75 68 5.77e-07
25335 28 75 3.43e-07
25335 79 76 1.17e-07
25335 73 79 1.71e-07
25335 74 73 1.18e-07
25335 570 123 4.9e-08
25335 255 513 3.9e-08
25335 396 395 1.6e-07
25335 393 396 9.6e-08
25335 394 393 9.8e-08
25335 390 394 8.5e-08
25335 392 390 7.4e-08
25335 387 392 9.4e-08
25335 382 387 7.5e-08
25335 484 382 5.41e-07
25335 508 509 2.29e-07
25335 309 67 2.99e-07
25335 511 508 5.58e-07
25335 510 511 2.58e-07
25335 70 69 4.9e-07
25335 69 71 3.32e-07
25335 71 63 2.07e-07
25335 63 61 1.86e-07
25335 306 82 7.7e-08
25335 274 279 2.49e-07
25335 267 275 3.35e-07
25335 123 273 4.2e-08
